0.27497,0.276,-1.9123,-1.9122
0.27101,0.27204,-1.9082,-1.9082
0.2671,0.26812,-1.9042,-1.9042
0.2631,0.26412,-1.9001,-1.9001
0.25898,0.26,-1.8959,-1.8959
0.25496,0.25597,-1.8918,-1.8917
0.25088,0.2519,-1.8876,-1.8876
0.24678,0.2478,-1.8834,-1.8833
0.24258,0.2436,-1.8792,-1.8792
0.23842,0.23943,-1.8749,-1.8749
0.23426,0.23527,-1.8707,-1.8707
0.23005,0.23106,-1.8664,-1.8664
0.22583,0.22683,-1.8621,-1.8621
0.2216,0.2226,-1.8579,-1.8578
0.21741,0.21841,-1.8536,-1.8535
0.21315,0.21414,-1.8493,-1.8493
0.20886,0.20985,-1.845,-1.845
0.20461,0.2056,-1.8407,-1.8406
0.20035,0.20134,-1.8364,-1.8364
0.19611,0.1971,-1.8322,-1.8321
0.19177,0.19276,-1.8279,-1.8279
0.18756,0.18854,-1.8236,-1.8236
0.18331,0.18429,-1.8194,-1.8193
0.17906,0.18004,-1.8151,-1.815
0.17475,0.17573,-1.8108,-1.8107
0.17048,0.17145,-1.8065,-1.8065
0.16624,0.16721,-1.8023,-1.8022
0.16195,0.16292,-1.798,-1.798
0.15771,0.15868,-1.7937,-1.7937
0.15344,0.15441,-1.7895,-1.7894
0.14919,0.15016,-1.7853,-1.7852
0.14492,0.14589,-1.781,-1.7809
0.14071,0.14167,-1.7768,-1.7767
0.13645,0.13741,-1.7725,-1.7724
0.1322,0.13316,-1.7683,-1.7682
0.12795,0.12891,-1.764,-1.7639
0.12368,0.12464,-1.7598,-1.7597
0.11943,0.12039,-1.7556,-1.7555
0.11522,0.11617,-1.7513,-1.7512
0.11096,0.11191,-1.7471,-1.747
0.1067,0.10765,-1.7428,-1.7427
0.10249,0.10344,-1.7386,-1.7385
0.098286,0.09923,-1.7344,-1.7343
0.093998,0.09494,-1.7301,-1.73
0.089737,0.090677,-1.7258,-1.7257
0.085544,0.086483,-1.7216,-1.7215
0.081299,0.082236,-1.7174,-1.7173
0.077047,0.077982,-1.7131,-1.713
0.072789,0.073721,-1.7089,-1.7088
0.068601,0.069532,-1.7046,-1.7045
0.064328,0.065256,-1.7003,-1.7002
0.060065,0.060992,-1.6961,-1.696
0.055836,0.056761,-1.6919,-1.6917
0.051599,0.052521,-1.6876,-1.6875
0.047385,0.048306,-1.6834,-1.6832
0.043115,0.044034,-1.6791,-1.679
0.038914,0.039831,-1.6748,-1.6747
0.034661,0.035576,-1.6706,-1.6705
0.030413,0.031326,-1.6664,-1.6662
0.026187,0.027098,-1.6621,-1.662
0.021931,0.02284,-1.6578,-1.6577
0.01773,0.018637,-1.6536,-1.6535
0.013467,0.014373,-1.6494,-1.6492
0.009208,0.010111,-1.6451,-1.645
0.0049669,0.0058682,-1.6408,-1.6407
0.00078044,0.0016798,-1.6366,-1.6365
-0.0034833,-0.002586,-1.6324,-1.6322
-0.0077341,-0.0068386,-1.6282,-1.628
-0.011937,-0.011044,-1.6239,-1.6237
-0.016199,-0.015307,-1.6197,-1.6195
-0.020448,-0.019558,-1.6154,-1.6153
-0.024682,-0.023794,-1.6111,-1.611
-0.028925,-0.028039,-1.6069,-1.6068
-0.033143,-0.032259,-1.6026,-1.6025
-0.037408,-0.036526,-1.5985,-1.5983
-0.041653,-0.040773,-1.5942,-1.594
-0.045901,-0.045023,-1.59,-1.5898
-0.050145,-0.04927,-1.5857,-1.5856
-0.05437,-0.053496,-1.5814,-1.5813
-0.058641,-0.057769,-1.5772,-1.577
-0.062863,-0.061993,-1.573,-1.5728
-0.067107,-0.066239,-1.5687,-1.5686
-0.071303,-0.070437,-1.5645,-1.5643
-0.075559,-0.074695,-1.5602,-1.56
-0.079834,-0.078971,-1.556,-1.5558
-0.084038,-0.083178,-1.5517,-1.5515
-0.08833,-0.087471,-1.5475,-1.5473
-0.09254,-0.091683,-1.5432,-1.543
-0.096775,-0.095921,-1.539,-1.5388
-0.10102,-0.10017,-1.5348,-1.5346
-0.10526,-0.10441,-1.5305,-1.5303
-0.10951,-0.10866,-1.5263,-1.5261
-0.11373,-0.11289,-1.522,-1.5218
-0.11799,-0.11714,-1.5178,-1.5176
-0.1222,-0.12135,-1.5135,-1.5133
-0.12643,-0.12559,-1.5093,-1.5091
-0.13068,-0.12984,-1.505,-1.5048
-0.13494,-0.13411,-1.5008,-1.5006
-0.13913,-0.13829,-1.4965,-1.4963
-0.14343,-0.14259,-1.4923,-1.4921
-0.14764,-0.14681,-1.4881,-1.4878
-0.1519,-0.15107,-1.4837,-1.4835
-0.15617,-0.15534,-1.4795,-1.4793
-0.16038,-0.15956,-1.4753,-1.4751
-0.16459,-0.16377,-1.471,-1.4708
-0.16888,-0.16806,-1.4668,-1.4666
-0.1731,-0.17228,-1.4625,-1.4623
-0.17733,-0.17651,-1.4583,-1.4581
-0.18157,-0.18075,-1.454,-1.4538
-0.18586,-0.18505,-1.4498,-1.4496
-0.19012,-0.18931,-1.4456,-1.4453
-0.19429,-0.19348,-1.4413,-1.4411
-0.1986,-0.19779,-1.4371,-1.4368
-0.20283,-0.20202,-1.4328,-1.4326
-0.20708,-0.20627,-1.4286,-1.4283
-0.21124,-0.21044,-1.4244,-1.4241
-0.21553,-0.21473,-1.42,-1.4198
-0.21983,-0.21903,-1.4158,-1.4156
-0.22401,-0.22321,-1.4116,-1.4113
-0.22826,-0.22746,-1.4074,-1.4071
-0.23249,-0.2317,-1.4031,-1.4028
-0.23677,-0.23598,-1.3989,-1.3986
-0.24101,-0.24022,-1.3946,-1.3944
-0.24524,-0.24446,-1.3904,-1.3902
-0.24947,-0.24869,-1.3861,-1.3859
-0.25372,-0.25294,-1.3819,-1.3816
-0.25796,-0.25718,-1.3777,-1.3774
-0.26215,-0.26137,-1.3734,-1.3731
-0.26642,-0.26564,-1.3692,-1.3689
-0.27069,-0.26991,-1.3649,-1.3646
-0.27494,-0.27416,-1.3607,-1.3604
-0.27907,-0.2783,-1.3564,-1.3562
-0.28335,-0.28258,-1.3522,-1.3519
-0.28763,-0.28687,-1.348,-1.3477
-0.29186,-0.29109,-1.3437,-1.3434
-0.29605,-0.29529,-1.3395,-1.3392
-0.30034,-0.29958,-1.3352,-1.3349
-0.30457,-0.30381,-1.331,-1.3307
-0.30881,-0.30805,-1.3268,-1.3265
-0.31302,-0.31227,-1.3225,-1.3222
-0.31728,-0.31652,-1.3183,-1.318
-0.32152,-0.32077,-1.314,-1.3137
-0.32574,-0.325,-1.3098,-1.3095
-0.33002,-0.32928,-1.3055,-1.3052
-0.33425,-0.3335,-1.3013,-1.301
-0.33853,-0.33779,-1.297,-1.2967
-0.34273,-0.34199,-1.2928,-1.2925
-0.347,-0.34626,-1.2886,-1.2883
-0.35124,-0.3505,-1.2843,-1.284
-0.3555,-0.35476,-1.28,-1.2797
-0.35974,-0.359,-1.2758,-1.2755
-0.36392,-0.36319,-1.2716,-1.2713
-0.36822,-0.36749,-1.2673,-1.267
-0.37242,-0.37169,-1.2631,-1.2628
-0.37666,-0.37594,-1.2589,-1.2586
-0.38092,-0.3802,-1.2546,-1.2543
-0.38516,-0.38444,-1.2504,-1.25
-0.38942,-0.3887,-1.2461,-1.2458
-0.39365,-0.39293,-1.2419,-1.2416
-0.39794,-0.39723,-1.2377,-1.2373
-0.40214,-0.40142,-1.2334,-1.2331
-0.40638,-0.40567,-1.2292,-1.2289
-0.41064,-0.40993,-1.2249,-1.2246
-0.41488,-0.41417,-1.2207,-1.2204
-0.41906,-0.41835,-1.2164,-1.2161
-0.42334,-0.42264,-1.2122,-1.2118
-0.42761,-0.42691,-1.208,-1.2076
-0.43187,-0.43117,-1.2037,-1.2034
-0.4361,-0.4354,-1.1995,-1.1991
-0.44034,-0.43964,-1.1952,-1.1949
-0.44459,-0.4439,-1.191,-1.1906
-0.44885,-0.44815,-1.1868,-1.1864
-0.45307,-0.45238,-1.1825,-1.1821
-0.45728,-0.4566,-1.1783,-1.1779
-0.46151,-0.46082,-1.174,-1.1736
-0.46579,-0.46511,-1.1698,-1.1694
-0.47003,-0.46935,-1.1655,-1.1652
-0.47425,-0.47357,-1.1613,-1.1609
-0.47852,-0.47784,-1.157,-1.1567
-0.48276,-0.48209,-1.1528,-1.1524
-0.48697,-0.4863,-1.1486,-1.1482
-0.4912,-0.49052,-1.1443,-1.144
-0.49546,-0.49479,-1.1401,-1.1397
-0.49973,-0.49906,-1.1359,-1.1355
-0.50394,-0.50327,-1.1316,-1.1312
-0.50819,-0.50753,-1.1274,-1.127
-0.51242,-0.51176,-1.1231,-1.1227
-0.51666,-0.516,-1.1189,-1.1185
-0.52088,-0.52022,-1.1146,-1.1142
-0.52514,-0.52448,-1.1104,-1.11
-0.52939,-0.52873,-1.1061,-1.1057
-0.53361,-0.53296,-1.1019,-1.1015
-0.53789,-0.53724,-1.0977,-1.0973
-0.54209,-0.54144,-1.0934,-1.093
-0.54636,-0.54571,-1.0892,-1.0888
-0.5506,-0.54996,-1.0849,-1.0845
-0.55482,-0.55418,-1.0806,-1.0802
-0.55903,-0.55838,-1.0764,-1.076
-0.56331,-0.56267,-1.0721,-1.0717
-0.56755,-0.56691,-1.0679,-1.0675
-0.57174,-0.5711,-1.0637,-1.0632
-0.57604,-0.57541,-1.0594,-1.059
-0.58031,-0.57968,-1.0552,-1.0548
-0.58452,-0.58389,-1.0509,-1.0505
-0.58877,-0.58814,-1.0467,-1.0463
-0.593,-0.59238,-1.0424,-1.042
-0.59728,-0.59666,-1.0382,-1.0378
-0.60146,-0.60084,-1.034,-1.0335
-0.60572,-0.6051,-1.0297,-1.0293
-0.60998,-0.60936,-1.0255,-1.025
-0.61419,-0.61357,-1.0212,-1.0208
-0.61844,-0.61783,-1.017,-1.0165
-0.62267,-0.62206,-1.0127,-1.0123
-0.62692,-0.62631,-1.0085,-1.0081
-0.63119,-0.63058,-1.0042,-1.0038
-0.63543,-0.63482,-0.99997,-0.99953
-0.63966,-0.63906,-0.99577,-0.99533
-0.64389,-0.64329,-0.99152,-0.99108
-0.64818,-0.64758,-0.98728,-0.98683
-0.65236,-0.65176,-0.98304,-0.98259
-0.65659,-0.65599,-0.9788,-0.97835
-0.66085,-0.66026,-0.97452,-0.97407
-0.66512,-0.66453,-0.97027,-0.96982
-0.66936,-0.66877,-0.96603,-0.96558
-0.67358,-0.673,-0.96179,-0.96134
-0.67785,-0.67726,-0.95754,-0.95708
-0.68205,-0.68146,-0.95328,-0.95282
-0.68631,-0.68573,-0.94907,-0.94861
-0.69056,-0.68998,-0.94481,-0.94435
-0.69478,-0.6942,-0.94057,-0.94011
-0.69897,-0.69839,-0.93632,-0.93585
-0.70327,-0.70269,-0.93207,-0.9316
-0.70751,-0.70694,-0.92788,-0.92741
-0.71173,-0.71116,-0.92355,-0.92308
-0.71601,-0.71544,-0.91934,-0.91887
-0.72025,-0.71968,-0.91512,-0.91464
-0.72447,-0.7239,-0.91087,-0.91039
-0.72874,-0.72818,-0.90664,-0.90616
-0.73294,-0.73238,-0.90236,-0.90188
-0.73723,-0.73667,-0.89817,-0.89768
-0.74144,-0.74088,-0.8939,-0.89341
-0.74569,-0.74514,-0.88969,-0.8892
-0.74992,-0.74936,-0.88543,-0.88494
-0.75416,-0.75361,-0.88118,-0.88068
-0.75842,-0.75787,-0.87694,-0.87644
-0.76265,-0.7621,-0.87268,-0.87218
-0.76689,-0.76635,-0.86848,-0.86798
-0.77114,-0.77059,-0.86421,-0.8637
-0.77536,-0.77482,-0.85993,-0.85943
-0.77965,-0.77911,-0.8557,-0.85519
-0.78385,-0.78331,-0.85145,-0.85094
-0.78812,-0.78759,-0.84726,-0.84675
-0.79234,-0.79181,-0.84298,-0.84247
-0.79659,-0.79606,-0.83878,-0.83827
-0.80084,-0.80031,-0.83455,-0.83404
-0.80505,-0.80453,-0.8303,-0.82979
-0.80933,-0.8088,-0.82602,-0.82551
-0.81356,-0.81303,-0.82181,-0.82129
-0.81781,-0.81729,-0.81758,-0.81706
-0.82201,-0.82149,-0.81327,-0.81274
-0.8263,-0.82578,-0.8091,-0.80857
-0.83055,-0.83003,-0.80483,-0.8043
-0.83479,-0.83427,-0.80061,-0.80007
-0.83899,-0.83848,-0.79635,-0.79582
-0.84326,-0.84275,-0.7921,-0.79157
-0.8475,-0.84699,-0.78788,-0.78734
-0.85172,-0.85121,-0.78361,-0.78307
-0.85598,-0.85547,-0.77937,-0.77883
-0.86023,-0.85973,-0.77511,-0.77457
-0.86446,-0.86396,-0.77088,-0.77033
-0.86871,-0.86821,-0.76662,-0.76608
-0.87293,-0.87243,-0.76239,-0.76185
-0.87719,-0.8767,-0.75817,-0.75762
-0.88144,-0.88094,-0.75391,-0.75335
-0.88568,-0.88519,-0.74969,-0.74914
-0.88995,-0.88946,-0.74543,-0.74487
-0.89417,-0.89368,-0.74119,-0.74063
-0.89841,-0.89793,-0.73697,-0.73641
-0.90264,-0.90216,-0.73269,-0.73213
-0.90691,-0.90643,-0.72846,-0.7279
-0.91113,-0.91065,-0.72416,-0.72359
-0.91537,-0.9149,-0.7199,-0.71934
-0.91965,-0.91918,-0.71574,-0.71517
-0.92384,-0.92337,-0.71148,-0.71091
-0.92812,-0.92765,-0.70726,-0.70669
-0.93233,-0.93186,-0.70301,-0.70243
-0.93657,-0.9361,-0.69878,-0.6982
-0.94082,-0.94036,-0.69453,-0.69395
-0.94508,-0.94462,-0.69029,-0.68971
-0.9493,-0.94884,-0.68605,-0.68547
-0.95353,-0.95307,-0.68177,-0.68119
-0.95782,-0.95736,-0.67755,-0.67697
-0.96203,-0.96158,-0.6733,-0.67271
-0.96631,-0.96585,-0.66909,-0.6685
-0.97055,-0.9701,-0.66488,-0.66428
-0.97478,-0.97433,-0.66061,-0.66002
-0.97896,-0.97852,-0.65638,-0.65578
-0.98326,-0.98281,-0.65214,-0.65154
-0.98753,-0.98708,-0.64793,-0.64733
-0.99176,-0.99132,-0.64364,-0.64304
-0.99602,-0.99558,-0.63943,-0.63883
-1.0003,-0.99982,-0.63518,-0.63457
-1.0045,-1.004,-0.63093,-0.63032
-1.0087,-1.0083,-0.62666,-0.62605
-1.013,-1.0125,-0.62241,-0.6218
-1.0172,-1.0168,-0.61819,-0.61758
-1.0215,-1.021,-0.61396,-0.61334
-1.0257,-1.0253,-0.6097,-0.60909
-1.03,-1.0296,-0.60547,-0.60485
-1.0342,-1.0338,-0.60123,-0.60061
-1.0385,-1.038,-0.59699,-0.59637
-1.0427,-1.0423,-0.59272,-0.59209
-1.047,-1.0465,-0.5885,-0.58787
-1.0512,-1.0508,-0.58425,-0.58362
-1.0554,-1.055,-0.57998,-0.57935
-1.0597,-1.0593,-0.57576,-0.57512
-1.0639,-1.0635,-0.57147,-0.57084
-1.0682,-1.0678,-0.56727,-0.56663
-1.0724,-1.072,-0.56305,-0.56241
-1.0767,-1.0763,-0.5588,-0.55816
-1.0809,-1.0805,-0.55455,-0.55391
-1.0851,-1.0847,-0.55035,-0.54971
-1.0894,-1.089,-0.54611,-0.54546
-1.0936,-1.0932,-0.54182,-0.54117
-1.0979,-1.0975,-0.5376,-0.53695
-1.1021,-1.1017,-0.53335,-0.53269
-1.1064,-1.106,-0.52911,-0.52846
-1.1106,-1.1102,-0.52488,-0.52423
-1.1148,-1.1144,-0.52064,-0.51999
-1.119,-1.1186,-0.5164,-0.51574
-1.1233,-1.123,-0.51218,-0.51151
-1.1276,-1.1272,-0.50794,-0.50727
-1.1318,-1.1314,-0.50368,-0.50301
-1.1361,-1.1357,-0.49949,-0.49882
-1.1403,-1.1399,-0.49521,-0.49454
-1.1445,-1.1442,-0.49095,-0.49027
-1.1488,-1.1484,-0.48671,-0.48604
-1.153,-1.1527,-0.48247,-0.48179
-1.1573,-1.1569,-0.47826,-0.47758
-1.1615,-1.1611,-0.47397,-0.47329
-1.1657,-1.1654,-0.46977,-0.46909
-1.17,-1.1697,-0.46553,-0.46484
-1.1742,-1.1739,-0.46125,-0.46056
-1.1785,-1.1781,-0.45706,-0.45637
-1.1827,-1.1824,-0.45279,-0.4521
-1.187,-1.1866,-0.44859,-0.44789
-1.1912,-1.1908,-0.44429,-0.44359
-1.1954,-1.1951,-0.44,-0.4393
-1.1997,-1.1993,-0.43585,-0.43515
-1.2039,-1.2035,-0.43159,-0.43089
-1.2082,-1.2078,-0.42735,-0.42665
-1.2124,-1.212,-0.4231,-0.42239
-1.2166,-1.2163,-0.4189,-0.41819
-1.2209,-1.2206,-0.41462,-0.41392
-1.2252,-1.2248,-0.41037,-0.40966
-1.2294,-1.2291,-0.40612,-0.4054
-1.2336,-1.2333,-0.40187,-0.40116
-1.2379,-1.2376,-0.39766,-0.39694
-1.2421,-1.2418,-0.3934,-0.39268
-1.2464,-1.246,-0.38918,-0.38846
-1.2506,-1.2503,-0.38493,-0.38421
-1.2548,-1.2545,-0.3807,-0.37998
-1.259,-1.2587,-0.37642,-0.3757
-1.2633,-1.263,-0.37217,-0.37144
-1.2676,-1.2673,-0.36795,-0.36722
-1.2718,-1.2715,-0.36367,-0.36294
-1.2761,-1.2758,-0.35947,-0.35873
-1.2803,-1.28,-0.35523,-0.3545
-1.2846,-1.2843,-0.35096,-0.35023
-1.2888,-1.2885,-0.34674,-0.346
-1.293,-1.2927,-0.34247,-0.34173
-1.2973,-1.297,-0.33826,-0.33752
-1.3015,-1.3012,-0.33397,-0.33323
-1.3058,-1.3055,-0.32975,-0.329
-1.31,-1.3097,-0.3255,-0.32475
-1.3143,-1.314,-0.32126,-0.32051
-1.3185,-1.3182,-0.31702,-0.31627
-1.3227,-1.3224,-0.31277,-0.31201
-1.327,-1.3267,-0.30854,-0.30778
-1.3312,-1.3309,-0.3043,-0.30354
-1.3355,-1.3352,-0.3,-0.29924
-1.3397,-1.3394,-0.2958,-0.29503
-1.3439,-1.3437,-0.29156,-0.29079
-1.3482,-1.3479,-0.28734,-0.28658
-1.3524,-1.3521,-0.28307,-0.2823
-1.3567,-1.3564,-0.27884,-0.27806
-1.3609,-1.3607,-0.27462,-0.27384
-1.3652,-1.3649,-0.27039,-0.26962
-1.3694,-1.3691,-0.26611,-0.26533
-1.3736,-1.3734,-0.26186,-0.26108
-1.3779,-1.3776,-0.25765,-0.25687
-1.3821,-1.3818,-0.25339,-0.25261
-1.3864,-1.3861,-0.24916,-0.24838
-1.3906,-1.3904,-0.24492,-0.24413
-1.3949,-1.3946,-0.24066,-0.23988
-1.399,-1.3988,-0.23643,-0.23564
-1.4033,-1.4031,-0.23216,-0.23137
-1.4076,-1.4073,-0.22792,-0.22713
-1.4118,-1.4116,-0.22365,-0.22286
-1.4161,-1.4158,-0.21943,-0.21863
-1.4204,-1.4201,-0.21519,-0.21439
-1.4246,-1.4243,-0.21092,-0.21012
-1.4288,-1.4286,-0.20668,-0.20588
-1.4331,-1.4328,-0.20243,-0.20162
-1.4373,-1.4371,-0.19819,-0.19739
-1.4415,-1.4413,-0.19396,-0.19315
-1.4458,-1.4456,-0.18972,-0.18891
-1.4501,-1.4498,-0.18548,-0.18466
-1.4543,-1.4541,-0.1812,-0.18038
-1.4586,-1.4583,-0.17697,-0.17615
-1.4628,-1.4626,-0.17273,-0.17191
-1.4671,-1.4669,-0.16851,-0.16769
-1.4713,-1.4711,-0.16424,-0.16342
-1.4756,-1.4754,-0.15996,-0.15913
-1.4798,-1.4796,-0.15575,-0.15492
-1.4841,-1.4838,-0.15153,-0.1507
-1.4883,-1.4881,-0.14729,-0.14646
-1.4925,-1.4923,-0.14305,-0.14221
-1.4968,-1.4966,-0.13883,-0.13799
-1.501,-1.5008,-0.13455,-0.13371
-1.5053,-1.5051,-0.13035,-0.12951
-1.5096,-1.5094,-0.12608,-0.12524
-1.5138,-1.5136,-0.12182,-0.12098
-1.5181,-1.5179,-0.11764,-0.1168
-1.5223,-1.5221,-0.11337,-0.11253
-1.5266,-1.5264,-0.10917,-0.10832
-1.5308,-1.5306,-0.10488,-0.10403
-1.535,-1.5349,-0.10064,-0.099792
-1.5392,-1.539,-0.09641,-0.095556
-1.5435,-1.5433,-0.09216,-0.091303
-1.5478,-1.5476,-0.087913,-0.087054
-1.552,-1.5518,-0.083661,-0.0828
-1.5563,-1.5561,-0.079456,-0.078594
-1.5605,-1.5604,-0.075183,-0.074319
-1.5648,-1.5646,-0.07095,-0.070083
-1.569,-1.5688,-0.066679,-0.065811
-1.5733,-1.5731,-0.062435,-0.061565
-1.5775,-1.5774,-0.058227,-0.057355
-1.5817,-1.5816,-0.053964,-0.05309
-1.586,-1.5858,-0.049727,-0.048851
-1.5903,-1.5901,-0.045468,-0.04459
-1.5945,-1.5943,-0.041213,-0.040333
-1.5987,-1.5985,-0.036976,-0.036094
-1.603,-1.6028,-0.032705,-0.031821
-1.6073,-1.6071,-0.028506,-0.02762
-1.6115,-1.6113,-0.024269,-0.023381
-1.6158,-1.6156,-0.019976,-0.019086
-1.62,-1.6199,-0.015741,-0.01485
-1.6243,-1.6241,-0.01149,-0.010596
-1.6285,-1.6283,-0.0072877,-0.006392
-1.6327,-1.6326,-0.003032,-0.0021344
-1.637,-1.6368,0.0012191,0.0021186
-1.6413,-1.6411,0.0054577,0.0063592
-1.6455,-1.6453,0.009695,0.010598
-1.6497,-1.6496,0.013962,0.014867
-1.6539,-1.6538,0.018223,0.01913
-1.6582,-1.6581,0.022447,0.023356
-1.6625,-1.6623,0.026692,0.027603
-1.6667,-1.6666,0.030952,0.031866
-1.671,-1.6709,0.035179,0.036094
-1.6753,-1.6751,0.039414,0.040331
-1.6794,-1.6793,0.043672,0.044591
-1.6837,-1.6836,0.047927,0.048848
-1.688,-1.6879,0.052178,0.053101
-1.6922,-1.6921,0.056453,0.057378
-1.6965,-1.6964,0.060661,0.061588
-1.7007,-1.7006,0.064941,0.06587
-1.705,-1.7049,0.069172,0.070102
-1.7093,-1.7091,0.073452,0.074385
-1.7135,-1.7134,0.07767,0.078605
-1.7178,-1.7177,0.081911,0.082848
-1.722,-1.7219,0.086157,0.087096
-1.7262,-1.7261,0.090386,0.091326
-1.7305,-1.7304,0.094607,0.09555
-1.7347,-1.7346,0.098873,0.099818
-1.739,-1.7389,0.1031,0.10404
-1.7432,-1.7431,0.10734,0.10829
-1.7474,-1.7473,0.11155,0.1125
-1.7517,-1.7516,0.11581,0.11677
-1.7559,-1.7558,0.12007,0.12103
-1.7601,-1.7601,0.12424,0.1252
-1.7644,-1.7643,0.12845,0.12941
-1.7686,-1.7685,0.13267,0.13363
-1.7728,-1.7728,0.13692,0.13788
-1.7771,-1.777,0.14113,0.1421
-1.7813,-1.7812,0.14538,0.14634
-1.7856,-1.7855,0.14963,0.1506
-1.7898,-1.7898,0.15386,0.15483
-1.794,-1.7939,0.15809,0.15906
-1.7983,-1.7983,0.16235,0.16332
-1.8026,-1.8025,0.16663,0.16761
-1.8069,-1.8068,0.17086,0.17183
-1.8111,-1.811,0.17513,0.17611
-1.8154,-1.8154,0.17942,0.1804
-1.8197,-1.8196,0.18373,0.18471
-1.824,-1.8239,0.18806,0.18904
-1.8283,-1.8283,0.1923,0.19329
-1.8326,-1.8325,0.19664,0.19763
-1.837,-1.8369,0.20094,0.20193
-1.8413,-1.8412,0.20527,0.20626
-1.8456,-1.8455,0.2096,0.21059
-1.8499,-1.8499,0.21394,0.21494
-1.8542,-1.8541,0.21828,0.21928
-1.8585,-1.8584,0.22257,0.22357
-1.8628,-1.8627,0.22686,0.22786
-1.8671,-1.8671,0.23116,0.23217
-1.8713,-1.8713,0.23547,0.23648
-1.8756,-1.8756,0.2397,0.24071
-1.8798,-1.8798,0.24394,0.24495
-1.884,-1.884,0.24815,0.24917
-1.8882,-1.8882,0.25233,0.25335
-1.8923,-1.8922,0.2565,0.25752
